100
2 3 2
1 1 1
2 1 2
3 2 3
31 7 31
49 8 49
1 31 1
2 16 2
71 8 71
2 2 2
88 7 88
23 6 23
7 11 7
71 1 71
15 7 15
94 1 94
99 3 99
10 18 10
42 2 42
82 7 82
99 7 99
100 3 100
1 2 1
36 6 36
98 5 98
3 4 3
42 8 42
89 1 89
23 13 23
59 3 59
1 96 1
72 3 72
93 6 93
4 1 4
18 2 18
58 10 58
80 8 80
35 7 35
100 2 100
3 1 3
100 1 100
67 9 67
100 4 100
10 4 10
14 7 14
1 4 1
25 8 25
2 55 2
35 8 35
1 100 1
28 6 28
58 1 58
97 9 97
100 9 100
17 10 17
9 16 9
12 9 12
80 5 80
6 1 6
68 9 68
55 4 55
61 10 61
6 23 6
97 7 97
11 9 11
3 37 3
2 28 2
82 5 82
4 4 4
10 5 10
4 29 4
1 16 1
80 3 80
20 10 20
2 4 2
30 4 30
75 1 75
3 3 3
6 9 6
43 9 43
12 6 12
2 59 2
30 12 30
4 2 4
19 1 19
66 7 66
26 2 26
52 9 52
9 11 9
19 7 19
3 33 3
83 3 83
78 7 78
1 3 1
81 2 81
65 3 65
7 4 7
4 3 4
1 51 1
63 8 63
